2185
29236
27380
23963
11059
23006
12282
23695
27631
10387
20515
16826
12943
26700
1469
28127
26003
7979
28421
15747
3795
20971
19200
3540
1455
9463
24911
10877
1515
11017
32125
18273
13777
13673
13840
29965
14396
31419
8082
25474
8205
19164
26598
20776
9131
21457
24237
20959
12233
20401
197
2037
30493
7080
24498
14771
13686
23877
5581
19157
4746
11983
8934
25138
27482
29852
19868
26727
30811
10955
2808
19093
12615
13579
2990
27092
7226
24941
25998
27492
32327
27361
6592
14109
28812
13186
23657
11037
10585
14898
22170
17336
8276
10671
16752
16627
9104
19346
7580
2390
