12855
28968
14519
32608
7732
7780
18497
25729
2531
9748
8991
20424
21692
14646
2341
28349
25582
20381
3069
8004
20009
4823
32535
20794
29681
27561
17525
3989
16109
29791
2324
2715
31691
21815
14241
26754
24553
16435
24232
31646
20301
26865
21203
21898
24363
15400
9698
16811
17185
20559
2825
3444
20245
8242
23963
8232
24938
11054
745
4914
23916
1745
12705
16735
22775
22985
10869
2049
5083
18341
19508
1184
25654
6397
10029
3162
32544
15424
4275
24530
10
8238
13399
28165
6336
31321
6733
13762
24821
13633
21350
22133
22022
19877
16576
5539
99
27986
13050
22416
13307
16269
30654
27807
21402
22141
13551
14093
14109
32520
5759
8641
16398
2351
5458
27775
18191
17040
3786
6038
7514
12281
14221
5886
15674
26114
14021
31059
24625
12710
8279
18497
24879
965
15265
27826
16380
26617
16189
20804
32688
8971
10243
7483
19469
134
30208
1204
25375
12658
26811
31222
5103
27528
14797
22083
1298
6495
26284
22717
25513
9911
25821
1737
30608
9001
23213
18043
15447
7954
5933
6497
18976
12132
268
23318
10519
21762
12532
30382
7133
1876
13342
11204
30399
13556
2944
13643
23120
31603
22170
18381
4506
21684
1700
37
10405
8198
30349
17253
8454
16875
20535
22912
7289
22789
4548
25264
16744
5405
17566
32027
6738
5612
26693
13835
14294
24105
732
25070
31659
12652
26642
30847
2245
29615
31293
16600
26242
1487
29128
12464
8762
9323
28948
636
22347
15229
3171
19444
4798
3065
16354
17216
24209
14240
32748
2381
18032
6785
17478
2016
10318
16114
14555
28524
15388
23177
29488
5293
5874
28060
14361
30130
8984
10973
9765
102
19230
17113
15743
27478
27089
19468
24964
22799
9713
3085
23185
26622
28669
20116
30704
25288
29528
19120
32434
24928
72
915
18281
17086
31300
3276
21833
13310
4409
17415
17410
6831
25983
4368
25367
15011
12176
17350
15779
10102
14967
1316
8550
24452
24373
10830
10261
5765
11609
19305
26642
31976
27354
18586
510
22363
7250
1366
29284
9325
30020
22729
10337
8747
26191
22804
25481
21321
604
4011
19823
15194
17654
30533
30146
6782
1210
27938
25455
15031
18137
29603
3787
21747
10271
15322
4277
25272
12628
13789
30422
29183
16234
1331
2087
22441
13263
23429
6285
24983
1209
5608
25612
29599
29049
28183
11115
16021
18434
4245
13765
8040
26276
8786
24076
32310
16371
2089
25645
22418
14782
6921
29220
18550
30516
13762
3046
17048
5324
26085
22091
27991
32088
11383
22441
19518
14674
14026
2416
11825
15124
12714
4233
21071
24857
16020
4322
4299
15781
18455
24637
26868
1890
25432
17550
21380
6465
9137
24641
27730
3663
9282
8693
26857
8630
15050
18980
14444
21149
21484
26212
18496
7365
1666
21862
23409
24894
21350
23695
19846
15972
7422
6184
8044
10116
181
30143
24613
20993
21685
19549
5332
6671
24838
1922
9989
19999
5837
11004
8503
11486
19477
5172
802
16195
27135
6696
25521
10431
15003
8386
16049
26199
1511
2755
17529
26690
26208
25699
16644
10114
21284
30992
2760
27397
15589
5436
10047
15088
7252
1209
16446
18630
25697
14454
19776
18168
19477
12632
6411
17755
1414
11067
28300
24646
9002
20636
27418
3538
27182
6687
5521
29706
23562
5818
14182
3378
31344
25487
30438
32397
410
15348
20018
17538
13635
20519
24049
32141
19687
22078
8234
23078
8899
18879
21754
27437
472
6713
9384
16314
29139
68
4053
3232
6242
25939
16497
23156
32133
18359
30243
13199
10420
19512
31292
1112
23189
575
5664
14282
14624
2358
17292
19408
27500
7873
15217
8922
6500
10865
25743
4244
26691
14082
4237
13917
19632
18078
24633
21572
32057
11933
21705
175
25062
25922
23315
18856
19903
30375
1979
11332
20293
20414
1125
11032
14577
5570
10097
844
1163
21200
24888
21301
21823
13387
18852
21735
4954
5398
29529
1341
27766
28489
8775
4649
27738
2984
28915
8445
23831
18632
30927
4328
4355
27105
21313
4267
23014
18652
1081
29975
19644
20878
24515
3613
4596
23796
22658
27162
3232
25795
25589
30042
30278
578
26620
24934
5991
27967
26385
15611
908
29306
18064
11412
16862
25876
12849
16471
9130
6700
17340
2850
26546
2119
7162
30368
11118
25680
25546
6790
3996
21588
24667
6170
2520
24429
9445
16284
15367
3214
31371
24370
29577
16606
16257
18186
8919
4830
25549
10647
9717
5442
16234
24347
2498
9216
10360
5743
27224
26109
27797
18570
7041
15394
1315
24276
21809
16493
21407
10876
22319
3224
32509
17334
27158
31825
25920
28685
8585
17538
28663
120
23495
26080
27081
3932
5239
17512
13092
14721
21385
22136
8048
6543
8032
32394
19184
4299
1562
6142
23054
1510
23353
4788
1728
20988
8175
11857
23340
25122
18883
11910
32047
17465
1424
20249
10867
7840
9850
5540
26608
21369
26516
14120
16053
28497
27635
24139
5375
359
8398
15126
21511
21049
13043
10266
28507
26800
2476
6424
8040
27582
14849
17821
26491
31086
21653
15563
16380
15280
15450
27355
32523
22929
18511
15728
11231
21908
600
5797
13612
2303
14888
17067
5557
21893
4265
20803
2555
32056
31263
7007
1378
31345
10505
15372
15879
25399
15552
2862
7224
23619
28503
16067
14
22428
20100
30503
14060
18648
26194
18225
28277
23727
3593
1124
26050
14794
7027
7052
4578
14165
19496
5726
6135
22979
15163
23900
29155
11347
32049
9548
14737
1327
29668
32206
3363
30589
27514
16769
11629
30563
16207
29642
32263
10796
22999
13098
7655
19281
28502
9363
24058
30046
31379
30410
1799
28503
31279
14006
30321
11904
2788
14127
3755
583
12487
1358
30043
10833
13295
16674
20817
14444
25664
25331
16333
15597
6235
15866
943
5384
26569
23726
14015
16028
4103
31858
17734
6767
29723
18192
3364
23241
24041
11655
9743
9454
16718
30144
12336
16709
17269
24318
8683
1395
20409
11454
2872
18767
32576
23067
12800
21698
5866
6661
28189
18983
24202
29463
29760
15009
22663
4320
7351
13398
1339
6854
28952
30901
14227
13358
16454
23701
19402
28195
29681
1112
11890
23779
23382
7482
25800
5509
27395
5590
13048
17716
4255
27058
17274
5030
12219
19608
10322
8620
19745
16037
67
23578
20277
15966
18266
30673
28614
21092
21796
24113
26095
21437
14857
24099
25059
75
27173
22604
29793
8045
13292
31768
11016
22098
14094
8268
6459
7320
19997
32599
11416
24811
9345
10458
13261
2185
28328
30433
12362
26173
20989
26915
2985
9974
8163
30927
4887
20388
17550
19347
16294
19512
1061
19672
13839
11816
29644
1212
31220
14363
5428
12402
19408
28353
28393
11905
6595
23428
26502
9931
23344
27318
5014
1334
17137
7236
18780
20270
31814
29239
31982
9380
12761
24270
22409
7759
4511
26367
623
904
30612
21271
15863
22012
5555
20512
2767
8276
2000
27001
7361
30832
4319
18493
11578
28393
2561
24690
32462
11464
15123
5027
26547
12974
18201
30213
23138
5145
7444
12144
2329
28809
20631
29941
12283
11593
18114
8541
971
16246
25661
26579
10
19682
4954
32487
32664
5277
1317
24213
13652
11104
12692
2365
3547
19799
8248
27559
11287
7346
30216
7342
5705
12800
15761
11217
14788
885
2730
8892
29830
17948
3436
13777
27058
25367
7308
25089
22258
12565
5802
7752
3348
7800
24837
5812
7508
5303
31547
508
30225
26130
22126
20561
2016
15591
29776
22598
23501
5374
16652
4497
20320
16821
4662
7896
3936
30202
4504
15376
20942
13703
26114
16587
3767
11087
21007
3986
15405
15980
24570
16570
12658
26925
3031
4368
18463
30628
14873
27307
8403
1676
27116
9389
28983
2447
10940
18485
13178
11680
31235
30839
25789
23260
24635
29714
20420
457
20124
31769
22817
8328
27965
18989
31090
13480
10526
9041
16162
23465
24569
24383
14553
28435
27793
18135
21136
756
4204
16387
9526
15204
13774
1596
22034
23690
6818
575
9557
5881
17534
12483
30618
12869
31998
13326
6024
29833
24901
2362
27511
30610
11868
9132
5798
9280
27810
7106
6187
28446
21094
12784
15591
25696
25948
9205
19063
21255
9097
3055
3173
28087
11216
7162
15984
21228
12858
361
11745
4558
667
19285
26591
713
28869
8610
10244
12728
17757
4356
10390
4153
16048
14703
19716
18491
20495
14993
16920
29991
1287
16012
5606
22877
6767
4998
23323
21010
14288
27755
4415
21742
5404
30303
26995
12620
30368
14131
31395
28683
31796
17651
25309
12645
26612
25290
19103
9409
2657
26833
7100
31824
4322
29309
30715
15721
24601
15727
21839
16001
5323
7176
32716
26443
10783
26892
5478
28016
23450
28381
11876
19733
10950
26874
779
24782
12262
20688
17090
24413
95
2288
30784
26383
6017
11560
16253
26384
25902
13050
28373
5258
31580
27417
18491
9634
18650
3924
5403
9216
4234
24166
13752
21140
1278
20702
10452
12835
21266
30394
26245
21175
29202
13245
15816
18376
7645
20294
947
3610
1674
28682
19988
13349
31055
22124
22143
22016
19720
22174
19505
20423
13026
17105
21509
5239
16719
18126
11861
1565
27082
159
22632
16926
30304
19016
31433
16149
381
25298
22585
11468
9210
7938
24114
16595
2547
17180
2029
24123
5547
6137
2804
15470
30538
17994
20215
26937
13171
140
31158
19030
22276
29893
19367
27881
21148
4456
26946
4151
10311
27494
32643
32732
26915
1622
1623
14785
24895
31408
20813
14627
24431
11717
25166
10989
12548
346
18850
23023
4940
4019
16868
30410
1480
7761
32163
28399
5338
32049
18402
30258
2289
8514
9978
29081
6420
10580
29474
18410
23771
28320
26678
20358
4780
4284
16494
694
13015
21788
13320
8155
30294
6817
22483
26145
1628
5264
7249
7596
3286
24072
28940
28652
32144
32636
17061
24421
29077
2906
25344
5455
452
4810
3386
1679
9708
19288
2245
18644
5342
32039
4068
28222
15460
31222
15447
726
17217
31164
19918
8524
6737
21791
5284
11021
6350
5050
14038
20874
30247
13724
8794
23789
3312
2602
20429
9414
20124
2501
30279
24759
16725
25780
9953
15607
15299
10265
5959
24656
24393
24876
9316
16783
6436
13114
23261
28832
12817
11425
11951
26778
578
17512
6435
28174
29296
18900
4617
7804
456
11122
23923
14362
23502
21556
22090
19289
29560
21588
22475
26322
5328
6691
6353
27323
10865
5325
10869
32402
23818
17551
13249
1068
9245
8853
26042
17067
28166
26169
27044
6877
16511
29822
9227
32377
23427
3195
29026
25871
25966
6585
19397
465
20894
24811
28142
17533
9619
6011
9952
22582
17292
9357
19996
18235
1587
1923
24574
18316
23581
4744
10832
7089
5336
7565
21265
9283
24306
31840
8879
17628
32159
29328
25188
20266
1455
19748
7037
20938
21903
16352
18268
10781
31744
9140
7066
21259
4992
21463
26074
29811
13315
23005
18192
29560
1751
11381
14616
4485
15053
32502
379
13306
146
9381
22859
25494
4333
21904
25628
28990
10050
31722
28561
10241
3651
21383
25169
27318
963
4531
7396
30300
14715
23604
26446
28389
4283
30886
6787
17047
30288
3315
19799
4283
28580
13741
3840
24324
15013
23698
3457
17061
6097
11753
9556
28382
22374
7638
26006
3995
12563
2279
6312
20887
6528
10926
1440
29440
11039
1607
22581
5240
21863
30740
9618
21368
2351
29105
10210
6063
8261
21314
7993
31012
16861
7190
744
2505
6403
21380
9405
7473
373
26587
24753
14136
19161
10640
23506
25515
1542
986
27267
32451
22417
1556
9218
9924
4725
32564
26834
26670
24620
4248
30954
30737
15540
25313
10661
14893
27456
19316
13165
26049
1288
1307
25301
8120
10199
17936
21762
4411
29971
23946
11779
28356
7151
10059
27567
27802
9846
16246
5388
32436
28496
10758
7694
25486
8053
27669
24824
21308
18197
29543
5696
19603
866
8065
179
30643
8914
3676
30350
7356
2000
29781
31547
31031
14437
7486
21363
25660
9595
21208
4160
4223
13618
32336
17605
28396
31977
16718
4809
32744
23927
16420
17
26116
20669
16930
24768
5284
12466
9099
7684
15180
8115
17666
15341
32512
28900
5271
23924
500
31000
12891
9148
8354
368
28901
31147
29259
19408
24391
19912
8555
1858
15111
29142
15196
8275
23076
4842
30593
17696
26418
14222
20851
3372
20785
1279
16858
22180
19083
1490
17946
29288
17242
31766
5571
29041
15043
2930
7042
6875
23830
24828
25803
27598
18289
22369
13543
21278
26659
31176
25011
23937
25936
32564
19447
24130
25704
8321
1691
19651
10061
12958
16813
22640
22185
9223
20120
29843
769
16257
21069
16183
20972
2945
18453
31453
27967
18911
22152
5079
2543
16953
18475
11541
19616
20286
30917
23825
9662
6986
14688
20228
13856
29446
18200
10051
19655
24032
17359
26500
5136
12209
10556
21895
20429
18710
19526
8455
2426
16463
11239
1966
25953
20068
7045
16271
32326
19147
29959
20857
28079
10979
7873
14769
19900
29867
17316
18810
27091
22107
4324
2549
14776
147
21323
29040
9681
20784
16634
27380
18491
10522
2770
25592
15410
8329
12611
21398
10754
1592
28852
22920
1897
809
12197
2137
5004
27411
18023
5655
31370
10312
17276
8042
4276
12652
26393
11460
4304
431
5595
3808
5491
17911
31831
23864
8860
14766
27756
15875
27008
21481
2682
4133
7643
8407
17619
11661
14138
29857
7127
31187
11284
29677
459
29709
9951
5232
28338
27194
15406
10489
7881
14528
28606
15657
26559
27713
9620
18996
10650
16312
29530
11676
31187
17023
10707
6367
3953
1185
26522
19077
25745
2813
30901
28393
13878
12600
3209
3983
31030
19771
27591
558
7424
32271
8825
15797
29391
107
9161
623
25584
20545
4067
1144
25932
27973
32110
23850
9234
21337
10452
12797
25782
27235
17851
6499
27143
9845
31919
32343
3103
23282
19564
20788
27220
26300
20489
2091
25733
25539
19090
20693
29462
24289
3255
27920
27239
20818
29970
11272
20658
3104
8850
13676
21605
28065
4172
32379
23161
30595
25989
6224
21186
21309
30557
31807
10011
28358
4755
10723
5885
25676
30291
27271
21572
30746
30900
262
12644
8478
15457
7190
7176
1448
25457
19588
2927
23738
29176
24198
16688
17341
26767
9415
10755
27760
28340
29849
8477
1994
24531
14772
27183
18431
22230
11176
22431
6149
7563
13671
6833
26153
10508
22915
21182
28328
25282
23064
32016
18676
8420
24044
16625
19956
20778
23321
24575
3164
10269
6080
30325
2078
29730
26859
7343
16778
21829
16266
669
6866
26504
9229
30617
6946
27794
6244
24305
19187
15060
15813
3316
7375
24915
17407
7111
15617
11032
13549
23051
10839
27483
20934
20337
3625
13190
22525
9504
23986
26334
32117
17386
17039
30905
17640
32757
25265
3425
23846
4342
2821
6795
19597
19144
5394
30050
31964
1733
8648
23464
8711
7750
11293
22791
23554
14126
22551
3348
16854
22923
26977
28575
16683
10381
30333
7904
11699
259
5515
1853
23178
15632
5002
25642
3047
9589
20538
15903
28039
21393
2010
5916
27648
11729
9493
8128
9027
10842
12554
16933
7906
12313
16140
25542
25963
26936
2641
21891
17352
995
21586
25926
26148
20611
22841
27578
2507
10885
12604
6700
22972
30142
13573
30765
27940
23213
17470
347
15967
30560
19483
2660
13556
15106
6597
694
2327
18498
1425
2861
25701
21169
251
24676
438
31615
168
16897
31377
28599
24989
18331
15993
5199
29706
31501
10630
15150
32567
11950
10365
11014
9260
21976
22645
2235
20554
14460
29806
26188
14400
1423
32578
1082
206
26292
22472
6645
9513
21266
28376
10993
17075
13020
15090
27393
7391
6890
6488
4143
5958
6731
16912
15019
18264
4843
12688
2478
13890
13753
7442
10501
6525
47
16261
22055
6956
28185
26419
19321
71
26330
31945
1639
2620
2129
14730
16250
1524
2150
2684
1749
18589
28310
15992
18109
9108
21732
24623
20687
29140
15231
13990
620
11082
6136
22423
8737
17559
20958
18846
11359
10826
8274
2148
215
24946
12977
11004
8835
18364
11393
21336
13935
27113
23063
21473
25834
26573
23250
12475
24869
17559
7388
16913
73
25427
30791
9114
24078
32523
25733
30494
792
22346
15674
11044
19981
26250
5783
10524
3803
32363
8984
5773
7793
11456
32662
4382
28310
31520
5430
5905
30431
26465
19990
14444
23705
27011
22078
12746
27807
20841
19920
20902
32318
21965
15461
4851
18022
27568
3090
9733
10675
24282
26447
1133
4615
13506
16901
24697
26055
6031
25058
18647
9566
21168
13561
27838
15793
23615
13830
28286
20823
23849
28345
15555
26278
17010
24078
30826
4479
18972
7175
9686
6143
31087
6692
17635
14556
30177
3247
27132
14463
10276
4989
388
1392
10012
14261
20390
13668
24373
12109
951
28458
23763
14215
10636
16162
31962
28173
15062
14428
16773
13236
7722
25913
15453
12233
22640
19463
257
28296
11128
22912
8007
8663
11302
29775
10642
22564
11635
5122
19469
5923
12695
27096
26251
19880
26930
32277
17260
31341
4708
7646
28319
7894
8766
19322
24919
16378
18827
21670
29412
673
19739
22883
2467
15083
19602
10016
26204
18210
12643
6696
30860
17710
29289
31972
3452
28604
12251
357
14687
10372
5327
15561
23382
32646
18363
23420
13138
2924
1289
20341
3675
263
31067
30586
5179
21132
7122
2363
15143
7833
24351
2034
22270
20009
1957
6214
16408
31104
22937
28996
14589
28091
14781
26624
27219
281
15039
4124
14292
28814
2567
23592
22258
23736
27249
21259
14525
1511
13145
12904
29404
20774
8211
32195
5903
26770
19719
11889
8921
2353
7667
29227
9772
14272
20996
12151
16495
22837
20738
4576
5773
14342
9783
4400
7324
19928
9952
16286
21942
14474
4111
23564
8430
8339
21553
28511
26644
10462
7107
16711
17080
29757
3221
18985
25375
8772
16206
16704
25285
9351
11274
24898
17161
4604
15269
3368
17790
27971
28909
29340
28094
22181
1642
8842
17830
21637
27111
27729
24395
18258
30457
2479
27298
19985
17700
30320
28462
27675
4257
24807
28385
13397
14593
7727
11907
11048
3590
11968
25664
17998
18678
6836
15261
19770
17948
2118
23293
9215
22558
13033
31861
362
1816
20691
23565
1703
32641
2915
19020
19553
3012
8793
15399
10361
14053
1631
22153
16008
26985
4895
28065
9619
32188
17022
3970
9896
3343
30187
13623
28425
25640
8950
25840
22284
22067
24844
4764
26492
11449
25892
24060
24988
24483
27483
21637
29577
23383
21143
30699
630
19241
7016
18776
21444
30546
20466
18102
22698
6634
31239
193
7138
8571
9446
3019
21452
12178
12537
20532
10185
5103
26218
22547
26134
23377
11664
18926
14300
26755
4447
10203
16642
9000
17519
4871
17106
9585
22376
28391
3098
7071
8827
21625
26473
19066
9497
11704
8601
21416
17974
13985
10926
12528
2171
22563
8066
13546
2598
22552
10912
11565
1119
5490
12271
30451
30960
23572
25166
1923
25729
28627
6894
14625
12499
6211
156
5200
17061
6731
21352
29609
3537
7084
23565
4423
31273
9287
