32274
32557
7533
2736
16616
29278
398
13611
23170
10216
29500
1690
2349
3609
15807
22346
17998
19514
13645
193
5856
31694
17317
7124
13657
7621
9852
11128
28399
16231
14425
5389
15195
31345
6821
21814
23034
11425
6806
9854
10829
15448
13709
24821
7409
7518
4400
7647
11330
12006
12982
31337
10823
13162
2905
5595
31705
28520
10968
27180
28840
18958
30547
5553
19918
6620
26234
26434
19704
19829
28172
30865
7066
7203
22863
22377
20992
15409
15476
7657
21591
11318
15417
32176
24711
24812
19548
26645
22074
12435
2444
21557
4633
25861
26432
14668
15999
10603
28421
15217
7445
26339
18223
28775
14934
1558
17919
7414
1180
20887
11362
31204
31453
29887
17435
21256
17274
14375
2744
27325
22649
5575
19644
19892
3830
18461
2922
25197
405
32422
17782
18737
26916
24078
9420
25784
30054
8336
500
31302
6992
20534
2823
2564
19561
10553
30038
4068
28767
32428
20124
3373
4998
26663
30175
6402
25067
14025
19888
30181
4512
21611
24907
1354
27180
9232
5802
10097
28957
16158
21455
26247
12843
11069
16440
16444
24714
17709
7161
31935
6190
10780
15967
22269
3585
3824
23383
20610
15394
3794
1755
19366
11693
27809
18758
12037
10679
12841
11004
12333
4275
2329
487
31742
2870
17483
13324
14066
27070
27144
25502
20288
6657
19744
7074
16164
26290
28816
6776
16251
20731
6345
28695
9145
18719
5090
24688
2916
4731
22399
32408
24978
17891
20949
9035
10676
1896
23587
14720
7061
29343
13813
7008
19550
15111
82
16389
10011
25727
31524
2734
26385
6227
1967
9686
17791
12945
26147
13998
23990
1545
28363
28293
2756
2128
26758
29604
16007
18704
21714
19826
726
12957
3552
113
2668
30860
24672
24582
12891
2637
29659
15038
4296
19290
5769
8867
13297
10152
6964
2932
1236
5639
25610
721
6731
22229
16376
25130
28912
23513
17612
24670
21070
13114
12241
31595
17749
2287
13830
18969
19810
2466
6174
31963
18900
9637
7271
24370
28652
5948
25668
21713
3721
19025
4482
11100
24697
21741
19232
23841
20158
20127
17482
2502
21828
1217
8240
17486
24918
31699
6238
19230
12706
13047
914
9835
19250
19828
12294
1404
13871
26680
15720
8611
31697
30114
6355
19412
29320
23579
29918
17002
25687
14062
23749
6401
8535
31982
8698
16349
27214
22103
2489
23141
21823
7828
3249
21336
17486
27412
9959
6807
13698
2684
32611
19131
30748
13903
14032
10368
29048
12854
2049
14667
4157
18554
25938
9652
22938
11907
8879
9826
30940
19762
11090
5744
6919
8854
24764
1502
20875
14691
10302
6827
3680
23222
2860
30434
30639
7662
3953
29458
11356
2873
813
8994
8041
10338
31511
11679
24102
15749
4463
8970
29381
32602
5612
24562
11246
11665
11568
23809
7020
832
666
28177
21083
5448
18144
20740
6959
17520
7758
20891
13384
2731
27050
18841
30742
9375
17612
14742
26714
30087
884
17840
20695
31874
18640
492
21055
23260
19027
10056
9515
26025
17282
18057
28757
5297
10496
25577
4648
9658
30805
7157
11165
23022
12579
12861
17278
3109
27768
17071
10316
10072
9980
3102
3622
29825
30488
23317
28383
7014
20432
528
30046
825
11870
14419
30730
26259
15831
474
10601
25286
22944
16532
20314
8977
15332
13030
23025
25140
31444
9148
13861
17110
32607
17853
125
9925
30586
28499
25978
23503
13149
10391
25645
20299
22476
13108
17182
27630
29180
24162
10245
5680
23913
9893
8392
13714
11287
21212
9891
18332
27702
21231
26973
3007
11318
8617
28275
20060
8946
22117
14858
4736
8025
16138
15455
14199
29684
8768
21771
25972
24047
10747
10613
26574
9219
21727
1290
31888
24006
29270
4225
10192
471
28698
25562
2362
30948
26332
32267
3531
10599
25369
11162
11856
3908
20392
11094
19935
2404
3919
9329
10581
10676
26862
26679
29914
7991
32278
26452
30424
26754
17934
29683
27294
19064
16235
4592
18569
6767
4626
27867
8449
30628
26272
13925
13166
4332
8706
19151
30265
8310
22954
26016
9912
12299
22968
19736
1631
27002
32756
2483
22349
581
1007
21071
17372
9682
9154
16705
19800
26261
21648
26065
14205
29313
8534
14641
26599
7296
12034
15948
9002
19540
16800
29334
3284
20452
3865
25914
18756
6076
20338
20700
14796
13139
4362
14424
17832
9987
22975
14198
21808
28628
25577
3464
32269
10168
20669
18166
25166
5862
2427
7070
20243
7154
12307
24504
22542
15473
15364
13560
12048
22949
3309
10926
12597
10433
6252
5387
6390
24915
9705
8807
13250
17427
31002
18942
20579
6886
1543
23844
30367
27797
20612
4067
10897
14304
1156
11853
30521
24169
27918
29553
12826
885
5969
32382
15479
22114
18132
17428
4600
28577
25380
24282
15106
5587
24979
32310
15827
30821
12718
14043
30115
18999
2066
498
15215
55
9881
10444
27984
14223
7490
27211
26223
388
2518
24787
17779
3157
8693
31937
29340
8032
32103
885
260
18431
14126
24477
18231
27639
25759
10057
19616
22055
18161
13232
32138
10064
8736
7378
19313
1436
30684
15436
18770
12920
2533
22741
2886
9940
14406
7739
27358
7346
10735
6451
2813
1768
4966
20243
27291
262
14093
23275
5013
16711
13744
19710
22055
17733
15487
19945
14553
15722
4109
30500
32179
5008
21776
11709
30478
23044
29144
22944
21123
9105
11954
25032
15204
9537
29914
10384
11932
11814
19426
2214
21479
28808
10473
3164
3764
19596
7892
30938
24036
22968
29175
14077
20760
2503
3497
22736
17756
10666
27084
27422
15497
30093
666
2141
16723
26410
3922
25327
29197
14937
14273
5511
3177
422
16557
13609
14945
21431
5490
3973
29249
18973
20831
18064
13607
19975
17264
29357
17137
25829
31241
9503
17809
23462
7404
30872
26905
10195
15360
17792
30052
856
2628
32413
9363
17632
31935
24742
17423
16588
13419
5164
3742
26060
25015
22071
13602
20182
24393
25981
11263
30366
14324
5236
21067
22584
32013
26066
27059
3102
7262
27067
7758
10909
14142
29549
10740
4687
5597
3980
13344
16928
27163
15837
8654
1616
31023
1049
16991
6435
32714
20940
26654
2714
11447
15315
7120
11502
22999
17048
5853
13815
32740
31678
4705
16322
27263
14788
6386
18640
181
31316
13270
25539
17284
15530
22349
12637
29007
5257
19338
24538
32395
5613
